# File, Counts, Atom Detected (threshold=7269), Max Count, X-pos (pix), Y-pos (pix), Mean Count, s.d.
780.0,7039.0,0.0,810.0,15.0,2.0,775.2523148148148,776.2309451950639
781.0,6996.0,0.0,816.0,9.0,1.0,778.5694444444445,779.5502510855329
782.0,7028.0,0.0,817.0,3.0,1.0,779.6597222222222,780.6441908246121
783.0,7023.0,0.0,809.0,3.0,8.0,778.6944444444445,779.6746421192657
784.0,7439.0,1.0,949.0,9.0,9.0,782.1203703703703,783.0976417237622
785.0,7015.0,0.0,810.0,2.0,18.0,780.4606481481482,781.4452298989268
786.0,7076.0,0.0,815.0,10.0,3.0,782.8958333333334,783.8780875547498
787.0,7068.0,0.0,809.0,0.0,0.0,781.175925925926,782.1621944174176
788.0,7029.0,0.0,812.0,16.0,14.0,782.2731481481482,783.2588386687175
789.0,7016.0,0.0,818.0,10.0,3.0,781.1435185185185,782.126116544496
790.0,7040.0,0.0,817.0,15.0,9.0,782.2986111111111,783.2804166688268
791.0,7077.0,0.0,809.0,15.0,4.0,782.0532407407408,783.0386776945704
792.0,7080.0,0.0,824.0,3.0,2.0,781.4745370370371,782.4549222392476
793.0,7536.0,1.0,952.0,9.0,9.0,784.6412037037037,785.6236959558513
794.0,7498.0,1.0,961.0,9.0,9.0,784.0763888888889,785.0693571854956
795.0,7524.0,1.0,988.0,9.0,9.0,783.7523148148148,784.7460596844404
796.0,7046.0,0.0,826.0,4.0,6.0,784.2754629629629,785.2703186278375
797.0,7013.0,0.0,819.0,0.0,7.0,783.1944444444445,784.1913327777298
798.0,7010.0,0.0,823.0,5.0,3.0,782.9212962962963,783.9078411907094
799.0,7499.0,1.0,949.0,9.0,9.0,784.9537037037037,785.9438294281858
800.0,7484.0,1.0,946.0,9.0,9.0,783.8541666666666,784.8476184729988
801.0,7081.0,0.0,816.0,6.0,9.0,784.449074074074,785.4363499741967
802.0,7503.0,1.0,948.0,9.0,9.0,780.7430555555555,781.7238981253113
803.0,7132.0,0.0,817.0,0.0,9.0,785.3449074074074,786.3268228858731
804.0,7492.0,1.0,978.0,9.0,9.0,783.1481481481482,784.1383081516327
805.0,6978.0,0.0,818.0,5.0,1.0,784.6481481481482,785.6373770175738
806.0,7499.0,1.0,961.0,9.0,9.0,786.7962962962963,787.7888436509967
807.0,7442.0,1.0,947.0,9.0,9.0,785.136574074074,786.126016417912
808.0,7018.0,0.0,818.0,18.0,9.0,785.2754629629629,786.2682028258182
809.0,7004.0,0.0,822.0,10.0,20.0,783.1666666666666,784.151410044457
810.0,6976.0,0.0,818.0,7.0,6.0,785.7037037037037,786.6924032650808
811.0,7511.0,1.0,948.0,9.0,9.0,784.0462962962963,785.0324213382554
812.0,7440.0,1.0,944.0,9.0,9.0,784.2939814814815,785.2809286433431
813.0,6975.0,0.0,816.0,12.0,20.0,783.1388888888889,784.1336242014165
814.0,6988.0,0.0,813.0,1.0,8.0,783.6620370370371,784.6523932227922
815.0,7037.0,0.0,821.0,12.0,6.0,785.1736111111111,786.1686101127939
816.0,6981.0,0.0,822.0,6.0,5.0,784.5972222222222,785.5872203278636
817.0,7441.0,1.0,953.0,9.0,9.0,785.5833333333334,786.5754551444705
818.0,7442.0,1.0,931.0,9.0,9.0,782.3564814814815,783.339972656203
819.0,6978.0,0.0,820.0,6.0,6.0,785.5185185185185,786.5138358103522
820.0,7010.0,0.0,817.0,1.0,4.0,784.0254629629629,785.0173051427273
821.0,7067.0,0.0,822.0,1.0,0.0,784.949074074074,785.9337833640609
822.0,7055.0,0.0,809.0,19.0,7.0,782.7314814814815,783.7207940731475
823.0,7007.0,0.0,821.0,19.0,6.0,784.8217592592592,785.8178369404885
824.0,7046.0,0.0,815.0,9.0,1.0,784.4976851851852,785.4895690644457
825.0,6959.0,0.0,814.0,1.0,10.0,784.3425925925926,785.325348217033
826.0,7039.0,0.0,815.0,4.0,2.0,782.7523148148148,783.7514565904529
827.0,7007.0,0.0,812.0,3.0,19.0,784.0439814814815,785.0251994713956
828.0,7040.0,0.0,817.0,3.0,15.0,784.8518518518518,785.8375052685988
829.0,7031.0,0.0,819.0,1.0,4.0,782.7824074074074,783.7659992187225
830.0,7022.0,0.0,821.0,1.0,9.0,784.0138888888889,785.0082683886299
831.0,6976.0,0.0,814.0,3.0,7.0,784.9305555555555,785.918889682703
832.0,7007.0,0.0,820.0,15.0,1.0,784.0370370370371,785.0210868050223
833.0,7066.0,0.0,820.0,2.0,5.0,783.574074074074,784.5582616308819
834.0,6988.0,0.0,815.0,2.0,14.0,782.25,783.2382865112485
835.0,7034.0,0.0,815.0,14.0,0.0,783.5393518518518,784.5314752964717
836.0,6987.0,0.0,822.0,3.0,3.0,783.8078703703703,784.7977838175378
837.0,7034.0,0.0,815.0,1.0,4.0,783.0185185185185,784.0088722922379
838.0,6995.0,0.0,817.0,2.0,11.0,784.9513888888889,785.9427297697704
839.0,7067.0,0.0,822.0,8.0,5.0,782.988425925926,783.9723333699725
840.0,7055.0,0.0,823.0,14.0,5.0,785.3981481481482,786.3990827826493
841.0,7031.0,0.0,824.0,3.0,4.0,782.7152777777778,783.7025943433583
842.0,7054.0,0.0,822.0,1.0,1.0,784.1504629629629,785.1316661418354
843.0,7062.0,0.0,813.0,8.0,5.0,784.0995370370371,785.0809097174534
844.0,7005.0,0.0,823.0,2.0,10.0,782.3425925925926,783.330180507387
845.0,7540.0,1.0,972.0,9.0,9.0,783.8981481481482,784.8981727149851
846.0,7056.0,0.0,828.0,2.0,8.0,784.9976851851852,785.9884742606176
847.0,7051.0,0.0,821.0,8.0,4.0,785.2337962962963,786.2240357167587
848.0,7029.0,0.0,818.0,4.0,0.0,783.9166666666666,784.8929641659529
849.0,7055.0,0.0,815.0,10.0,15.0,782.5462962962963,783.5314843750444
850.0,7067.0,0.0,812.0,3.0,1.0,783.8425925925926,784.8371341534316
851.0,7103.0,0.0,819.0,2.0,11.0,784.3379629629629,785.3254102599763
852.0,7032.0,0.0,815.0,3.0,5.0,782.5694444444445,783.5617293862052
853.0,7080.0,0.0,814.0,3.0,3.0,783.2523148148148,784.2392045354494
854.0,7491.0,1.0,966.0,9.0,9.0,783.8263888888889,784.8152619308755
855.0,7057.0,0.0,836.0,15.0,2.0,785.9444444444445,786.9503385009891
856.0,7520.0,1.0,974.0,9.0,9.0,783.3194444444445,784.3148753312621
857.0,7491.0,1.0,966.0,9.0,9.0,783.3171296296297,784.311096180366
858.0,7025.0,0.0,825.0,3.0,1.0,784.1550925925926,785.1479281903069
859.0,7093.0,0.0,823.0,4.0,3.0,785.0787037037037,786.0829083163554
860.0,7557.0,1.0,972.0,9.0,9.0,785.0277777777778,786.0158839601061
861.0,7068.0,0.0,816.0,3.0,2.0,784.6111111111111,785.6011102387474
862.0,7015.0,0.0,811.0,3.0,15.0,784.0486111111111,785.0344355282749
863.0,7523.0,1.0,947.0,9.0,9.0,785.1504629629629,786.1331647171575
864.0,7041.0,0.0,823.0,2.0,12.0,784.5208333333334,785.5045033772792
865.0,7107.0,0.0,819.0,3.0,1.0,783.7291666666666,784.7246032948383
866.0,7134.0,0.0,825.0,4.0,15.0,785.1111111111111,786.099546189744
867.0,7564.0,1.0,979.0,9.0,9.0,784.4629629629629,785.4663384954907
868.0,7498.0,1.0,977.0,9.0,9.0,785.2268518518518,786.2150600501443
869.0,7531.0,1.0,972.0,9.0,9.0,784.8912037037037,785.8924538102631
870.0,7046.0,0.0,817.0,2.0,0.0,784.7337962962963,785.7334773622642
871.0,7043.0,0.0,831.0,3.0,0.0,786.4675925925926,787.4800037972459
872.0,7073.0,0.0,821.0,8.0,0.0,786.0925925925926,787.0870434209381
873.0,7540.0,1.0,986.0,9.0,9.0,784.9837962962963,785.9776583022879
874.0,7070.0,0.0,829.0,3.0,1.0,785.4421296296297,786.4409079035308
875.0,7089.0,0.0,826.0,9.0,14.0,784.3379629629629,785.3341494027223
876.0,7523.0,1.0,957.0,9.0,9.0,787.3912037037037,788.3699959917592
877.0,7567.0,1.0,985.0,9.0,9.0,784.9375,785.9291794901204
878.0,7106.0,0.0,829.0,3.0,2.0,784.7777777777778,785.7762709752963
879.0,7469.0,1.0,957.0,9.0,9.0,782.5925925925926,783.5870669015111
880.0,7068.0,0.0,817.0,4.0,16.0,784.2939814814815,785.2926641994535
881.0,7167.0,0.0,824.0,16.0,2.0,785.7129629629629,786.7238214454285
882.0,7554.0,1.0,983.0,9.0,9.0,784.2893518518518,785.2863857578409
883.0,7091.0,0.0,824.0,4.0,17.0,784.2476851851852,785.2384138523325
884.0,7511.0,1.0,966.0,9.0,9.0,785.3773148148148,786.3717779052392
885.0,7124.0,0.0,821.0,4.0,11.0,784.6111111111111,785.6063465798522
886.0,7044.0,0.0,820.0,18.0,5.0,783.6666666666666,784.6650400381073
887.0,7542.0,1.0,952.0,9.0,9.0,784.4791666666666,785.470696956457
888.0,7112.0,0.0,817.0,9.0,3.0,785.8703703703703,786.861105324139
889.0,7495.0,1.0,951.0,9.0,9.0,784.6944444444445,785.685764571086
890.0,7035.0,0.0,815.0,17.0,1.0,784.1550925925926,785.1472396531971
891.0,7059.0,0.0,814.0,0.0,3.0,784.8912037037037,785.8716103378687
892.0,7017.0,0.0,828.0,3.0,2.0,784.238425925926,785.2226825894043
893.0,7081.0,0.0,824.0,16.0,9.0,784.9930555555555,785.991933918927
894.0,7114.0,0.0,816.0,17.0,7.0,784.5254629629629,785.5216556287401
895.0,7082.0,0.0,826.0,5.0,8.0,785.6111111111111,786.6081079834123
896.0,7039.0,0.0,814.0,5.0,2.0,784.7453703703703,785.7321500364664
897.0,7093.0,0.0,821.0,18.0,3.0,784.1226851851852,785.1226617335137
898.0,7074.0,0.0,817.0,9.0,4.0,784.6851851851852,785.6836619819305
899.0,7078.0,0.0,818.0,18.0,3.0,783.9537037037037,784.9352050342042
900.0,7127.0,0.0,817.0,15.0,4.0,784.7222222222222,785.7153183468672
901.0,7463.0,1.0,936.0,9.0,9.0,786.0046296296297,787.0066259151436
902.0,7077.0,0.0,825.0,4.0,1.0,783.4976851851852,784.4812567725108
903.0,7051.0,0.0,812.0,0.0,4.0,784.8171296296297,785.7989107107784
904.0,7057.0,0.0,819.0,20.0,7.0,783.8356481481482,784.8301410802391
905.0,7507.0,1.0,943.0,9.0,9.0,785.050925925926,786.0302061109315
906.0,7009.0,0.0,811.0,0.0,7.0,782.9398148148148,783.9258630130123
907.0,7515.0,1.0,961.0,9.0,9.0,783.8194444444445,784.8051703782514
908.0,7054.0,0.0,813.0,0.0,5.0,783.9398148148148,784.9214511368359
909.0,7071.0,0.0,818.0,19.0,3.0,782.7847222222222,783.7759383763489
910.0,7083.0,0.0,812.0,16.0,18.0,784.386574074074,785.3725570480988
911.0,7011.0,0.0,807.0,4.0,12.0,782.7754629629629,783.7569154732889
912.0,7099.0,0.0,826.0,12.0,15.0,785.5856481481482,786.578058277334
913.0,7053.0,0.0,815.0,8.0,3.0,785.2129629629629,786.1995844204723
914.0,7071.0,0.0,826.0,6.0,1.0,785.0162037037037,786.0030684837644
915.0,7035.0,0.0,819.0,5.0,0.0,783.324074074074,784.2990515869477
916.0,6992.0,0.0,826.0,0.0,9.0,784.3287037037037,785.3228339964959
917.0,7058.0,0.0,821.0,12.0,17.0,782.6041666666666,783.5898546591999
918.0,7055.0,0.0,828.0,17.0,6.0,782.6226851851852,783.619665132497
919.0,6956.0,0.0,819.0,16.0,12.0,782.6527777777778,783.6429474840767
920.0,7046.0,0.0,824.0,12.0,4.0,784.0949074074074,785.0838680130838
921.0,7041.0,0.0,820.0,16.0,4.0,783.988425925926,784.9801821134753
922.0,7097.0,0.0,821.0,12.0,2.0,782.8611111111111,783.8625850263402
923.0,7075.0,0.0,822.0,6.0,1.0,782.9120370370371,783.9065033742753
924.0,7061.0,0.0,815.0,5.0,11.0,782.5162037037037,783.5116071348791
925.0,7016.0,0.0,815.0,0.0,5.0,782.7546296296297,783.7413158153712
926.0,6982.0,0.0,824.0,6.0,6.0,782.6111111111111,783.6107958357568
927.0,7047.0,0.0,816.0,5.0,3.0,784.9537037037037,785.9477232398433
928.0,7013.0,0.0,816.0,8.0,0.0,786.1018518518518,787.088626395061
929.0,6985.0,0.0,830.0,6.0,1.0,783.4861111111111,784.4809654483735
930.0,6985.0,0.0,818.0,16.0,4.0,783.5925925925926,784.5787407673223
931.0,7072.0,0.0,815.0,5.0,20.0,784.1180555555555,785.1135212816704
932.0,7034.0,0.0,822.0,19.0,1.0,782.7962962962963,783.7935384429195
933.0,7037.0,0.0,814.0,12.0,2.0,783.7708333333334,784.7584773351734
934.0,7052.0,0.0,816.0,12.0,0.0,781.4282407407408,782.4131049652387
935.0,7002.0,0.0,833.0,0.0,4.0,783.2870370370371,784.2755476047724
936.0,7041.0,0.0,816.0,1.0,10.0,783.1435185185185,784.13159734126
937.0,7011.0,0.0,818.0,18.0,5.0,784.0,784.9858467401604
938.0,7011.0,0.0,813.0,2.0,6.0,783.3842592592592,784.3674531902315
939.0,7021.0,0.0,811.0,0.0,9.0,782.0462962962963,783.0322700648276
940.0,7017.0,0.0,814.0,4.0,19.0,783.0856481481482,784.0723086238999
941.0,6991.0,0.0,832.0,6.0,4.0,784.7129629629629,785.7105463496157
942.0,6987.0,0.0,824.0,13.0,7.0,780.2453703703703,781.2354484955729
943.0,7024.0,0.0,825.0,0.0,7.0,786.0300925925926,787.035509536553
944.0,6974.0,0.0,814.0,1.0,9.0,782.6064814814815,783.5903062069098
945.0,7020.0,0.0,816.0,18.0,0.0,785.0462962962963,786.0356314577054
946.0,6959.0,0.0,821.0,6.0,7.0,782.2291666666666,783.2200459457289
947.0,7006.0,0.0,816.0,13.0,4.0,783.761574074074,784.7516801740298
948.0,7034.0,0.0,822.0,0.0,7.0,782.8194444444445,783.8223998613219
949.0,6996.0,0.0,819.0,13.0,7.0,782.0138888888889,782.9982739340865
950.0,6989.0,0.0,817.0,0.0,11.0,784.0810185185185,785.0804575494069
951.0,7029.0,0.0,817.0,1.0,20.0,782.4421296296297,783.4286606687992
952.0,6995.0,0.0,819.0,1.0,14.0,784.1435185185185,785.1375513105702
953.0,7011.0,0.0,821.0,7.0,3.0,784.0810185185185,785.0713816245882
954.0,7056.0,0.0,821.0,0.0,0.0,783.1504629629629,784.1417715346054
955.0,7059.0,0.0,822.0,1.0,2.0,784.0625,785.0529161824039
956.0,7102.0,0.0,815.0,14.0,18.0,784.6828703703703,785.6651592500439
957.0,6992.0,0.0,819.0,13.0,0.0,783.3263888888889,784.3211926109445
958.0,7056.0,0.0,822.0,5.0,12.0,783.5439814814815,784.5292897633075
959.0,7007.0,0.0,816.0,13.0,0.0,782.7777777777778,783.7670234832339
960.0,6985.0,0.0,812.0,1.0,4.0,781.8773148148148,782.8611647337348
961.0,7035.0,0.0,818.0,0.0,4.0,784.3981481481482,785.3886353803999
962.0,6991.0,0.0,826.0,1.0,2.0,782.8449074074074,783.843086184155
963.0,6989.0,0.0,819.0,13.0,15.0,782.7268518518518,783.718458255096
964.0,6966.0,0.0,820.0,7.0,11.0,782.7870370370371,783.7876861057154
965.0,6960.0,0.0,821.0,6.0,9.0,782.7847222222222,783.771456520129
966.0,7003.0,0.0,814.0,1.0,8.0,782.2129629629629,783.2010110220066
967.0,7024.0,0.0,821.0,12.0,15.0,784.7939814814815,785.7852103162417
968.0,7012.0,0.0,822.0,6.0,15.0,784.0601851851852,785.0546495526428
969.0,7041.0,0.0,813.0,12.0,16.0,783.3217592592592,784.3095756401519
970.0,6982.0,0.0,814.0,6.0,4.0,782.9537037037037,783.9333687770502
971.0,6967.0,0.0,810.0,14.0,14.0,782.7453703703703,783.7369877026804
972.0,6981.0,0.0,810.0,7.0,9.0,781.761574074074,782.748950043054
973.0,7006.0,0.0,825.0,6.0,0.0,783.6944444444445,784.6766960993502
974.0,6956.0,0.0,817.0,15.0,6.0,782.2337962962963,783.2291196248428
975.0,7358.0,1.0,915.0,9.0,9.0,784.7430555555555,785.7337815100178
976.0,6966.0,0.0,814.0,8.0,16.0,782.3796296296297,783.3714512454804
977.0,6986.0,0.0,815.0,2.0,20.0,783.9930555555555,784.9923950745166
978.0,7012.0,0.0,821.0,13.0,0.0,783.0578703703703,784.0463357560757
979.0,7072.0,0.0,817.0,13.0,1.0,783.4305555555555,784.4075542324225
980.0,6934.0,0.0,814.0,8.0,15.0,782.3842592592592,783.3624828790096
981.0,7406.0,1.0,946.0,9.0,9.0,782.7893518518518,783.7771816872718
982.0,7000.0,0.0,817.0,2.0,19.0,783.8194444444445,784.8069471631512
983.0,7498.0,1.0,971.0,9.0,9.0,783.5810185185185,784.5688206516667
984.0,7432.0,1.0,958.0,9.0,9.0,784.2361111111111,785.2228318074095
985.0,7453.0,1.0,960.0,9.0,9.0,781.5277777777778,782.5333065563852
986.0,7489.0,1.0,970.0,9.0,9.0,781.550925925926,782.5456051438347
987.0,7041.0,0.0,812.0,15.0,7.0,781.9189814814815,782.9012925488819
988.0,7461.0,1.0,973.0,9.0,9.0,781.8495370370371,782.8422944659035
989.0,7419.0,1.0,962.0,9.0,9.0,783.1203703703703,784.1076385695455
990.0,7025.0,0.0,818.0,13.0,4.0,782.8842592592592,783.8804924541215
991.0,6950.0,0.0,817.0,18.0,3.0,785.0694444444445,786.0591211832349
992.0,7088.0,0.0,818.0,13.0,2.0,784.0995370370371,785.089947113071
993.0,7531.0,1.0,963.0,9.0,9.0,782.8680555555555,783.8724104830284
994.0,7061.0,0.0,811.0,9.0,7.0,783.5324074074074,784.5180174614078
995.0,6998.0,0.0,823.0,13.0,7.0,781.5532407407408,782.5447201145238
996.0,7437.0,1.0,968.0,9.0,9.0,781.4467592592592,782.435573650734
997.0,7057.0,0.0,818.0,7.0,19.0,784.324074074074,785.3255284369974
998.0,6970.0,0.0,830.0,2.0,20.0,782.6620370370371,783.6587755944071
999.0,6974.0,0.0,821.0,2.0,12.0,783.2245370370371,784.2227195012285
1000.0,7049.0,0.0,821.0,17.0,2.0,784.2662037037037,785.2639395492324
1001.0,7546.0,1.0,968.0,9.0,9.0,782.4074074074074,783.398308341779
1002.0,7030.0,0.0,819.0,8.0,4.0,783.7337962962963,784.727633893921
1003.0,7499.0,1.0,960.0,9.0,9.0,780.8587962962963,781.8528309010175
1004.0,7025.0,0.0,821.0,13.0,15.0,783.175925925926,784.165242541525
1005.0,7507.0,1.0,970.0,9.0,9.0,782.5138888888889,783.5109364080362
1006.0,7549.0,1.0,971.0,9.0,9.0,783.25,784.2383717122577
1007.0,7530.0,1.0,945.0,9.0,9.0,783.5046296296297,784.4932896957922
1008.0,7033.0,0.0,810.0,9.0,7.0,782.8819444444445,783.8655257204472
1009.0,7542.0,1.0,970.0,9.0,9.0,782.3217592592592,783.3084557764912
1010.0,6952.0,0.0,815.0,14.0,15.0,783.1898148148148,784.1759237252493
1011.0,6987.0,0.0,816.0,12.0,0.0,783.9953703703703,784.9854950113347
1012.0,7015.0,0.0,816.0,4.0,12.0,783.9513888888889,784.9391141948778
1013.0,7089.0,0.0,818.0,14.0,15.0,784.2060185185185,785.2125593373219
1014.0,7006.0,0.0,820.0,4.0,19.0,784.0231481481482,785.0242935930852
1015.0,7540.0,1.0,957.0,9.0,9.0,782.6666666666666,783.653173912898
1016.0,7033.0,0.0,820.0,3.0,19.0,783.0231481481482,784.0013642916298
1017.0,7093.0,0.0,825.0,13.0,6.0,784.675925925926,785.6591156091013
1018.0,7096.0,0.0,825.0,12.0,0.0,783.3981481481482,784.3857572912063
1019.0,7508.0,1.0,944.0,9.0,9.0,783.4351851851852,784.4203499290611
1020.0,7105.0,0.0,815.0,3.0,11.0,784.8935185185185,785.8696455316119
1021.0,7008.0,0.0,819.0,18.0,6.0,781.9282407407408,782.9176868664755
1022.0,7520.0,1.0,963.0,9.0,9.0,782.8032407407408,783.7902452135261
1023.0,7105.0,0.0,825.0,4.0,17.0,785.2476851851852,786.239696777556
1024.0,7016.0,0.0,817.0,15.0,0.0,783.8981481481482,784.8839629313503
1025.0,7036.0,0.0,827.0,14.0,0.0,786.0023148148148,787.0055690153996
1026.0,7064.0,0.0,831.0,14.0,0.0,782.8425925925926,783.8407285303668
1027.0,7076.0,0.0,818.0,4.0,11.0,782.6736111111111,783.6639346129136
1028.0,7019.0,0.0,821.0,5.0,18.0,782.0925925925926,783.0857488316345
1029.0,7056.0,0.0,816.0,3.0,18.0,782.6087962962963,783.5859017550241
1030.0,6996.0,0.0,819.0,12.0,4.0,782.2129629629629,783.201517598998
1031.0,7035.0,0.0,813.0,9.0,10.0,782.5717592592592,783.5575527777657
1032.0,7038.0,0.0,826.0,4.0,17.0,783.0532407407408,784.0425834237639
1033.0,7073.0,0.0,819.0,4.0,11.0,782.2453703703703,783.2300927506905
1034.0,7058.0,0.0,818.0,17.0,4.0,783.5601851851852,784.5538493050664
1035.0,7064.0,0.0,820.0,12.0,0.0,780.9328703703703,781.9122804926079
1036.0,7050.0,0.0,819.0,14.0,0.0,781.4398148148148,782.4242889771755
1037.0,7055.0,0.0,818.0,3.0,20.0,782.0,782.9796529226998
1038.0,7007.0,0.0,815.0,3.0,19.0,782.3495370370371,783.34171574064
1039.0,7536.0,1.0,975.0,9.0,9.0,783.1527777777778,784.1488802244817
1040.0,7492.0,1.0,950.0,9.0,9.0,784.2083333333334,785.1978396122767
1041.0,7062.0,0.0,812.0,8.0,18.0,784.550925925926,785.536070969057
1042.0,7003.0,0.0,821.0,10.0,3.0,782.6550925925926,783.6442428193703
1043.0,7435.0,1.0,940.0,9.0,9.0,783.0833333333334,784.076982583451
1044.0,7053.0,0.0,818.0,20.0,19.0,782.0949074074074,783.0733061369305
1045.0,7528.0,1.0,984.0,9.0,9.0,783.2175925925926,784.2090019253133
1046.0,7018.0,0.0,812.0,4.0,19.0,782.9814814814815,783.9601178359194
1047.0,7106.0,0.0,815.0,9.0,12.0,782.6111111111111,783.5995887857802
1048.0,7016.0,0.0,819.0,9.0,14.0,783.5370370370371,784.521051815985
1049.0,7582.0,1.0,1000.0,9.0,9.0,784.3703703703703,785.3569717560588
1050.0,7026.0,0.0,823.0,19.0,18.0,784.4745370370371,785.4513901642194
1051.0,7049.0,0.0,817.0,3.0,10.0,784.9976851851852,785.9849644039901
1052.0,7459.0,1.0,965.0,9.0,9.0,782.8564814814815,783.8439756675147
1053.0,7545.0,1.0,986.0,9.0,9.0,784.5092592592592,785.5040706524702
1054.0,7007.0,0.0,815.0,4.0,11.0,782.925925925926,783.9141365927036
1055.0,7509.0,1.0,973.0,9.0,9.0,784.3981481481482,785.3762395100879
1056.0,7023.0,0.0,815.0,18.0,5.0,782.5254629629629,783.5192116268746
1057.0,7051.0,0.0,816.0,17.0,7.0,783.1064814814815,784.0840223217948
1058.0,7065.0,0.0,822.0,4.0,18.0,784.0972222222222,785.0873951971512
1059.0,7562.0,1.0,987.0,9.0,9.0,784.8055555555555,785.7923218547295
1060.0,7066.0,0.0,818.0,4.0,7.0,783.4305555555555,784.414102957611
1061.0,7067.0,0.0,824.0,14.0,15.0,783.4837962962963,784.4698846992152
1062.0,7037.0,0.0,814.0,16.0,4.0,784.011574074074,784.992903451157
1063.0,7003.0,0.0,816.0,10.0,2.0,782.3773148148148,783.3646820338562
1064.0,7014.0,0.0,811.0,3.0,11.0,782.9976851851852,783.9856688755989
1065.0,7072.0,0.0,817.0,14.0,0.0,783.2986111111111,784.2792322592331
1066.0,7078.0,0.0,816.0,4.0,8.0,785.5578703703703,786.5502566680028
1067.0,7063.0,0.0,815.0,16.0,10.0,784.2546296296297,785.2415739543834
1068.0,7002.0,0.0,816.0,11.0,16.0,782.5393518518518,783.5291198612427
1069.0,7043.0,0.0,820.0,11.0,4.0,783.5416666666666,784.5367675738174
1070.0,7034.0,0.0,817.0,10.0,1.0,782.7337962962963,783.7302334900133
1071.0,7033.0,0.0,829.0,4.0,4.0,782.8425925925926,783.8363388058011
1072.0,7021.0,0.0,819.0,10.0,1.0,784.0046296296297,784.9953640485568
1073.0,7080.0,0.0,818.0,9.0,0.0,784.7824074074074,785.7715495449336
1074.0,7081.0,0.0,822.0,10.0,0.0,785.6226851851852,786.6056081866099
1075.0,7015.0,0.0,816.0,10.0,3.0,783.2106481481482,784.1916212507675
1076.0,6978.0,0.0,817.0,11.0,16.0,783.9467592592592,784.9412956310854
1077.0,7100.0,0.0,820.0,15.0,11.0,782.7175925925926,783.7065777445025
1078.0,7439.0,1.0,950.0,9.0,9.0,782.7199074074074,783.710152574445
1079.0,7040.0,0.0,816.0,3.0,5.0,783.3564814814815,784.3505389693046
1080.0,7425.0,1.0,928.0,9.0,9.0,783.0856481481482,784.0624042946495
1081.0,7066.0,0.0,812.0,0.0,7.0,781.8518518518518,782.8390861491167
1082.0,7070.0,0.0,811.0,4.0,20.0,783.1898148148148,784.1799920048896
1083.0,7058.0,0.0,816.0,0.0,8.0,783.3495370370371,784.3356107866249
1084.0,7048.0,0.0,817.0,5.0,13.0,784.8287037037037,785.8152106211863
1085.0,7050.0,0.0,817.0,4.0,19.0,783.300925925926,784.277526758939
1086.0,7069.0,0.0,819.0,3.0,5.0,784.0578703703703,785.0498986608883
1087.0,7072.0,0.0,811.0,4.0,11.0,783.6041666666666,784.5901748425076
1088.0,7051.0,0.0,816.0,14.0,15.0,782.5671296296297,783.5576179217762
1089.0,7545.0,1.0,962.0,9.0,9.0,783.6921296296297,784.6760381958873
1090.0,7545.0,1.0,960.0,9.0,9.0,783.6712962962963,784.661873178771
1091.0,7035.0,0.0,814.0,16.0,5.0,783.8402777777778,784.8255233414412
1092.0,7049.0,0.0,826.0,4.0,7.0,783.1226851851852,784.1151647859718
1093.0,7063.0,0.0,815.0,14.0,11.0,782.050925925926,783.0401636645677
1094.0,7012.0,0.0,825.0,14.0,1.0,783.6875,784.6755739670443
1095.0,7532.0,1.0,951.0,9.0,9.0,783.5694444444445,784.5514716071394
1096.0,7063.0,0.0,816.0,13.0,16.0,781.886574074074,782.880784350849
1097.0,7028.0,0.0,813.0,2.0,5.0,785.3587962962963,786.3575180359718
1098.0,7032.0,0.0,833.0,13.0,2.0,784.4629629629629,785.4512882528728
